00010000000000010000010100110111
00001111100001010010010100000011
00000000100000000000000011101111
00000110000000000000000001101111
00000000101000000000010000110011
00000000001000000000001010010011
00000010010101000110001100110011
00000000000000110001101001100011
00010000000000010000111000110111
00001110010111100010111000100011
00000010010101000100010000110011
11111110110111111111000001101111
00000000001100000000010010010011
00000010100101001000001100110011
00000010011001000100001001100011
00000010100101000110001100110011
00000000000000110001101001100011
00010000000000010000111000110111
00001110100111100010111000100011
00000010100101000100010000110011
11111110110111111111000001101111
00000000010101001000010010110011
11111101110111111111000001101111
00000000010101000100011001100011
00010000000000010000111000110111
00001110100011100010111000100011
00000000000000001000000001100111
